240
355 1 1 1
392 0 1 1
447 1 1 1
472 0 1 1
492 1 1 1
509 0 1 1
522 1 1 1
532 0 1 1
540 1 1 1
550 0 1 1
574 1 1 1
583 0 1 1
600 1 1 1
620 0 1 1
655 1 1 1
669 0 1 1
744 1 1 1
831 0 1 1
836 1 1 1
842 0 1 1
972 1 1 1
983 0 1 1
1170 1 1 1
1179 0 1 1
1197 1 1 1
1205 0 1 1
1221 1 1 1
1233 0 1 1
1248 1 1 1
1261 0 1 1
1275 1 1 1
1283 0 1 1
1302 1 1 1
1309 0 1 1
1320 1 1 1
1328 0 1 1
1336 1 1 1
1354 0 1 1
1368 1 1 1
1376 0 1 1
1387 1 1 1
1411 0 1 1
1422 1 1 1
1439 0 1 1
1460 1 1 1
1472 0 1 1
1480 1 1 1
1494 0 1 1
1503 1 1 1
1518 0 1 1
1530 1 1 1
1542 0 1 1
1551 1 1 1
1567 0 1 1
1588 1 1 1
1607 0 1 1
1623 1 1 1
1636 0 1 1
1645 1 1 1
1654 0 1 1
1669 1 1 1
1677 0 1 1
1695 1 1 1
1702 0 1 1
1709 1 1 1
1882 0 1 1
1934 1 1 1
1949 0 1 1
1973 1 1 1
1983 0 1 1
1987 1 1 1
1994 0 1 1
1998 1 1 1
2004 0 1 1
2009 1 1 1
2015 0 1 1
2021 1 1 1
2027 0 1 1
2052 1 1 1
2062 0 1 1
2098 1 1 1
2111 0 1 1
2130 1 1 1
2143 0 1 1
2250 1 1 1
2259 0 1 1
2270 1 1 1
2281 0 1 1
2284 1 1 1
2293 0 1 1
2307 1 1 1
2319 0 1 1
2350 1 1 1
2361 0 1 1
2379 1 1 1
2402 0 1 1
2600 1 1 1
2695 0 1 1
2705 1 1 1
2768 0 1 1
2783 1 1 1
2788 0 1 1
2797 1 1 1
2808 0 1 1
2819 1 1 1
2825 0 1 1
2862 1 1 1
2942 0 1 1
3009 1 1 1
3032 0 1 1
3035 1 1 1
3058 0 1 1
3088 1 1 1
3096 0 1 1
3127 1 1 1
3137 0 1 1
3144 1 1 1
3150 0 1 1
3154 1 1 1
3182 0 1 1
3347 1 1 1
3357 0 1 1
3394 1 1 1
3409 0 1 1
3464 1 1 1
3480 0 1 1
3517 1 1 1
3623 0 1 1
3643 1 1 1
3654 0 1 1
3677 1 1 1
3684 0 1 1
3693 1 1 1
3734 0 1 1
3753 1 1 1
3756 0 1 1
3767 1 1 1
3781 0 1 1
3839 1 1 1
4005 0 1 1
4028 1 1 1
4036 0 1 1
4191 1 1 1
4201 0 1 1
4309 1 1 1
4318 0 1 1
4428 1 1 1
4436 0 1 1
4558 1 1 1
4566 0 1 1
4638 1 1 1
4650 0 1 1
4768 1 1 1
4777 0 1 1
4933 1 1 1
4943 0 1 1
5011 1 1 1
5019 0 1 1
5120 1 1 1
5131 0 1 1
5247 1 1 1
5256 0 1 1
5330 1 1 1
5338 0 1 1
5481 1 1 1
5491 0 1 1
5621 1 1 1
5631 0 1 1
5749 1 1 1
5759 0 1 1
5909 1 1 1
5921 0 1 1
6027 1 1 1
6036 0 1 1
6982 1 1 1
6994 0 1 1
7122 1 1 1
7141 0 1 1
7263 1 1 1
7269 0 1 1
7277 1 1 1
7290 0 1 1
7330 1 1 1
7378 0 1 1
7462 1 1 1
7476 0 1 1
7484 1 1 1
7515 0 1 1
7524 1 1 1
7530 0 1 1
7558 1 1 1
7568 0 1 1
7585 1 1 1
7603 0 1 1
7622 1 1 1
7634 0 1 1
7657 1 1 1
7669 0 1 1
7686 1 1 1
7697 0 1 1
7706 1 1 1
7712 0 1 1
7728 1 1 1
7747 0 1 1
7797 1 1 1
7813 0 1 1
7891 1 1 1
7898 0 1 1
8026 1 1 1
8037 0 1 1
8169 1 1 1
8178 0 1 1
8319 1 1 1
8327 0 1 1
8440 1 1 1
8450 0 1 1
8568 1 1 1
8578 0 1 1
8698 1 1 1
8704 0 1 1
8721 1 1 1
8788 0 1 1
8882 1 1 1
8893 0 1 1
9018 1 1 1
9040 0 1 1
9131 1 1 1
9166 0 1 1
9185 1 1 1
9208 0 1 1
9239 1 1 1
9250 0 1 1
9258 1 1 1
9293 0 1 1
9325 1 1 1
9336 0 1 1
9350 1 1 1
9387 0 1 1
9415 1 1 1
9433 0 1 1
9455 1 1 1
9477 0 1 1
9656 1 1 0
9680 0 1 0
9775 1 1 1
9805 0 1 1
9821 1 1 1
9856 0 1 1
9894 1 1 1
9932 0 1 1
9957 1 1 1
9965 0 1 1
9979 1 1 1
9984 0 1 1
10028 1 1 1
10050 0 1 1
10062 1 1 1
10068 0 1 1
10102 1 1 1
10109 0 1 1
10120 1 1 1
10135 0 1 1
10150 1 1 1
10160 0 1 1
10168 1 1 1
10175 0 1 1
10182 1 1 1
10190 0 1 1
10196 1 1 1
10232 0 1 1
10250 1 1 1
10255 0 1 1
10329 1 1 1
10355 0 1 1
10364 1 1 1
10377 0 1 1
10387 1 1 1
10401 0 1 1
10411 1 1 1
10418 0 1 1
10478 1 1 1
10536 0 1 1
10579 1 1 1
10609 0 1 1
10614 1 1 1
10668 0 1 1
10741 1 1 1
10786 0 1 1
10843 1 1 1
10899 0 1 1
10953 1 1 1
10966 0 1 1
10980 1 1 1
11017 0 1 1
11059 1 1 1
11066 0 1 1
11072 1 1 1
11125 0 1 1
11186 1 1 1
11200 0 1 1
11268 1 1 1
11278 0 1 1
11311 1 1 1
11323 0 1 1
11450 1 1 1
11460 0 1 1
11481 1 1 1
11499 0 1 1
11563 1 1 1
11570 0 1 1
11659 1 1 1
11669 0 1 1
11727 1 1 1
11736 0 1 1
11824 1 1 1
11832 0 1 1
11894 1 1 1
11901 0 1 1
11917 1 1 1
11925 0 1 1
12049 1 1 1
12057 0 1 1
12081 1 1 1
12088 0 1 1
12129 1 1 1
12131 0 1 1
12315 1 1 1
12322 0 1 1
12371 1 1 1
12378 0 1 1
12432 1 1 1
12441 0 1 1
12474 1 1 1
12482 0 1 1
12506 1 1 1
12514 0 1 1
12553 1 1 1
12560 0 1 1
12574 1 1 1
12591 0 1 1
12602 1 1 1
12619 0 1 1
12637 1 1 1
12647 0 1 1
12745 1 1 1
12826 0 1 1
12842 1 1 1
12848 0 1 1
12866 1 1 1
12873 0 1 1
12886 1 1 1
12895 0 1 1
12910 1 1 1
12917 0 1 1
12928 1 1 1
12986 0 1 1
13004 1 1 1
13018 0 1 1
13047 1 1 1
13068 0 1 1
13087 1 1 1
13108 0 1 1
13120 1 1 1
13132 0 1 1
13144 1 1 1
13157 0 1 1
13186 1 1 1
13203 0 1 1
13213 1 1 1
13253 0 1 1
13273 1 1 1
13279 0 1 1
13292 1 1 1
13305 0 1 1
13320 1 1 1
13328 0 1 1
13344 1 1 1
13352 0 1 1
13369 1 1 1
13378 0 1 1
13402 1 1 1
13419 0 1 1
13432 1 1 1
13442 0 1 1
13472 1 1 1
13484 0 1 1
13496 1 1 1
13505 0 1 1
13521 1 1 1
13527 0 1 1
13590 1 1 1
13642 0 1 1
13740 1 1 1
13772 0 1 1
13831 1 1 1
13849 0 1 1
13860 1 1 1
13868 0 1 1
13885 1 1 1
13892 0 1 1
13904 1 1 1
13915 0 1 1
13927 1 1 1
13936 0 1 1
13952 1 1 1
13961 0 1 1
13979 1 1 1
13989 0 1 1
14014 1 1 1
14034 0 1 1
14060 1 1 1
14072 0 1 1
14086 1 1 1
14095 0 1 1
14140 1 1 1
14160 0 1 1
14172 1 1 1
14181 0 1 1
14190 1 1 1
14197 0 1 1
14203 1 1 1
14229 0 1 1
14310 1 1 1
14367 0 1 1
14408 1 1 1
14429 0 1 1
14447 1 1 1
14456 0 1 1
14465 1 1 1
14470 0 1 1
14486 1 1 1
14507 0 1 1
14528 1 1 1
14538 0 1 1
14547 1 1 1
14579 0 1 1
14644 1 1 1
14665 0 1 1
14759 1 1 1
14781 0 1 1
14892 1 1 1
14900 0 1 1
14981 1 1 1
14996 0 1 1
15506 1 1 1
15515 0 1 1
15537 1 1 1
15549 0 1 1
15654 1 1 1
15661 0 1 1
15705 1 1 1
15716 0 1 1
15738 1 1 1
15745 0 1 1
15817 1 1 1
15827 0 1 1
15878 1 1 1
15888 0 1 1
15981 1 1 1
15990 0 1 1
16098 1 1 1
16106 0 1 1
16177 1 1 1
16185 0 1 1
16267 1 1 1
16276 0 1 1
16426 1 1 1
16434 0 1 1
16469 1 1 1
16483 0 1 1
16516 1 1 1
16527 0 1 1
16633 1 1 1
16641 0 1 1
16684 1 1 1
16691 0 1 1
16824 1 1 1
16834 0 1 1
16968 1 1 1
16976 0 1 1
17020 1 1 1
17032 0 1 1
17062 1 1 1
17072 0 1 1
17149 1 1 1
17162 0 1 1
17266 1 1 1
17275 0 1 1
17353 1 1 1
17365 0 1 1
17399 1 1 1
17409 0 1 1
17507 1 1 1
17518 0 1 1
17526 1 1 1
17535 0 1 1
17550 1 1 1
17562 0 1 1
17747 1 1 1
17755 0 1 1
17762 1 1 1
17770 0 1 1
17780 1 1 1
17789 0 1 1
17796 1 1 1
17803 0 1 1
17811 1 1 1
17819 0 1 1
17826 1 1 1
17833 0 1 1
17841 1 1 1
17850 0 1 1
17858 1 1 1
17864 0 1 1
17870 1 1 1
17878 0 1 1
17924 1 1 1
17936 0 1 1
18033 1 1 1
18048 0 1 1
18091 1 1 1
18102 0 1 1
19049 1 1 1
19056 0 1 1
19107 1 1 1
19114 0 1 1
19136 1 1 1
19145 0 1 1
19175 1 1 1
19181 0 1 1
19240 1 1 1
19250 0 1 1
19337 1 1 1
19348 0 1 1
19430 1 1 1
19439 0 1 1
19489 1 1 1
19500 0 1 1
19575 1 1 1
19582 0 1 1
19597 1 1 1
19606 0 1 1
19645 1 1 1
19654 0 1 1
19753 1 1 1
19777 0 1 1
19788 1 1 1
19798 0 1 1
19812 1 1 1
19832 0 1 1
19869 1 1 1
19884 0 1 1
20068 1 1 1
20101 0 1 1
20115 1 1 1
20123 0 1 1
20163 1 1 1
20185 0 1 1
20232 1 1 1
20245 0 1 1
20258 1 1 1
20266 0 1 1
20278 1 1 1
20284 0 1 1
20295 1 1 1
20308 0 1 1
20319 1 1 1
20331 0 1 1
20350 1 1 1
20361 0 1 1
20371 1 1 1
20379 0 1 1
20458 1 1 1
20502 0 1 1
20516 1 1 1
20528 0 1 1
20539 1 1 1
20556 0 1 1
20569 1 1 1
20585 0 1 1
20629 1 1 1
20636 0 1 1
20667 1 1 1
20678 0 1 1
20712 1 1 1
20722 0 1 1
20778 1 1 1
20789 0 1 1
20855 1 1 1
20859 0 1 1
20875 1 1 1
20892 0 1 1
20900 1 1 1
20906 0 1 1
20931 1 1 1
20939 0 1 1
20951 1 1 1
20957 0 1 1
20970 1 1 1
20983 0 1 1
20993 1 1 1
21000 0 1 1
21014 1 1 1
21023 0 1 1
21037 1 1 1
21043 0 1 1
21223 1 1 1
21234 0 1 1
21274 1 1 1
21282 0 1 1
21310 1 1 1
21321 0 1 1
21416 1 1 1
21426 0 1 1
21462 1 1 1
21474 0 1 1
21504 1 1 1
21508 0 1 1
21520 1 1 1
21532 0 1 1
21553 1 1 1
21565 0 1 1
21598 1 1 1
21617 0 1 1
21668 1 1 1
21680 0 1 1
21710 1 1 1
21722 0 1 1
21742 1 1 1
21753 0 1 1
21783 1 1 1
21787 0 1 1
21972 1 1 1
21989 0 1 1
22020 1 1 1
22027 0 1 1
22143 1 1 1
22148 0 1 1
22182 1 1 1
22190 0 1 1
22418 1 1 1
22426 0 1 1
22498 1 1 1
22544 0 1 1
22550 1 1 1
22599 0 1 1
22612 1 1 1
22639 0 1 1
22689 1 1 1
22709 0 1 1
22723 1 1 1
22731 0 1 1
22750 1 1 1
22765 0 1 1
22807 1 1 1
22858 0 1 1
22901 1 1 1
22942 0 1 1
22986 1 1 1
23001 0 1 1
23033 1 1 1
23057 0 1 1
23084 1 1 1
23099 0 1 1
23117 1 1 1
23148 0 1 1
23166 1 1 1
23181 0 1 1
23192 1 1 1
23203 0 1 1
23214 1 1 1
23227 0 1 1
23235 1 1 1
23245 0 1 1
23308 1 1 1
23323 0 1 1
23354 1 1 1
23364 0 1 1
23370 1 1 1
23396 0 1 1
23409 1 1 1
23437 0 1 1
23451 1 1 1
23458 0 1 1
23475 1 1 1
23479 0 1 1
23483 1 1 1
23501 0 1 1
23519 1 1 1
23531 0 1 1
23538 1 1 1
23587 0 1 1
23601 1 1 1
23664 0 1 1
23682 1 1 1
23699 0 1 1
23713 1 1 1
23782 0 1 1
23814 1 1 1
23819 0 1 1
23837 1 1 1
23846 0 1 1
23859 1 1 1
23867 0 1 1
23881 1 1 1
23889 0 1 1
23910 1 1 1
23920 0 1 1
23940 1 1 1
23949 0 1 1
23959 1 1 1
23974 0 1 1
24080 1 1 0
24113 0 1 0
24136 1 1 0
24149 0 1 0
24210 1 1 0
24220 0 1 0
24244 1 1 0
24256 0 1 0
24794 1 1 1
24805 0 1 1
24937 1 1 1
24946 0 1 1
24996 1 1 1
25007 0 1 1
25097 1 1 1
25108 0 1 1
25146 1 1 1
25157 0 1 1
25241 1 1 1
25248 0 1 1
25311 1 1 1
25350 0 1 1
25365 1 1 1
25391 0 1 1
25407 1 1 1
25432 0 1 1
25449 1 1 1
25462 0 1 1
25476 1 1 1
25492 0 1 1
25499 1 1 1
25514 0 1 1
25533 1 1 1
25545 0 1 1
25553 1 1 1
25556 0 1 1
25558 1 1 1
25585 0 1 1
25600 1 1 1
25607 0 1 1
25670 1 1 1
25682 0 1 1
25738 1 1 1
25751 0 1 1
25795 1 1 1
25810 0 1 1
25839 1 1 1
25855 0 1 1
25969 1 1 1
25980 0 1 1
26017 1 1 1
26021 0 1 1
26036 1 1 1
26044 0 1 1
26090 1 1 1
26098 0 1 1
26183 1 1 1
26192 0 1 1
26230 1 1 1
26242 0 1 1
26288 1 1 1
26295 0 1 1
26396 1 1 1
26404 0 1 1
26484 1 1 1
26494 0 1 1
26532 1 1 1
26541 0 1 1
26601 1 1 1
26611 0 1 1
26742 1 1 1
26751 0 1 1
